"date","Chingola","Chipata","Choma","Isoka","Kabwe_urban","Kalomo","Kalulushi","Kaoma","Kasama","Kasempa","Kawambwa","Kitwe","Livingstone","Luangwa","Luanshya","Lusaka_urban","Luwingu","Mansa","Mazabuka","Mbala","Mkushi","Monze","Mufulira","Mumbwa","Mwense","Mwinilunga","Nchelenge","Petauke","Samfya","Senanga","Serenje","Solwezi","SAFEX","SAFEX_adj","year","month","date_num","mktyear","frapurchmt","frasalesmt","NETPURCH","BPP","SPP","LUSAKA","CHOMA","MCHINJI","mktshare","msleftpc","aprodpc","exportban","mznetimports","yearmon"
2003-01-01,1000,1083.3,1111.1,944.4,1114.4,1128.3,1270.7,1241.1,888.9,1111.1,1111.1,1222.2,1500,1299.6,1333.3,1265.1,888.9,1111.1,1555.6,1111.1,1071,1555.6,1130,1145.4,1111.1,1000,1111.1,888.9,1222.2,1111.1,1145.4,1036.3,820.118286132812,820.118286132812,2003,1,516,2002,9298.55,0,9298.5498046875,-313.867553710938,-408.888916015625,1388.88891601562,1113.86755371094,1105.07666015625,9.06374549865723,11.800745010376,85.7412033081055,1,18353.694,Jan 2003
2003-02-01,1111.1,1092.6,1111.1,791.7,1111.1,1109.4,1257.8,1164.7,916.7,1111.1,1111.1,1166.7,1469.8,1295.4,1329.1,1231.8,888.9,1111.1,1550.6,1000,1053.8,1550.6,1222.2,888.9,1111.1,1166.7,1111.1,886.1,1111.1,1192.7,1000,1034.1,650.479675292969,651.194139173715,2003,2,517,2002,789.9,0,789.900024414062,-290.712036132812,-116.4912109375,1096.4912109375,1090.71203613281,1168.15295410156,15.5456771850586,10.9595890045166,85.7412033081055,1,27458.227,Feb 2003
2003-03-01,888.9,1029.6,1014.2,722.2,722.2,805.6,1107.6,972.2,867.1,1111.1,1014.2,1166.7,1361.1,1111.1,666.7,1118.2,666.7,1013.9,1444.4,888.9,1005.5,1111.1,1222.2,811.4,1000,1064.9,1014.2,1055.6,1000,916.7,666.7,912.8,575.011535644531,572.290660888119,2003,3,518,2002,223.2,0,223.199996948242,-63.8434448242188,-160.350830078125,1140.35083007812,863.843444824219,1157.48266601562,16.0963077545166,10.8881340026855,85.7412033081055,1,22255.716,Mar 2003
2003-04-01,666.7,1037.1,666.7,722.2,555.6,555.6,734.2,611.1,815.9,1000,888.9,611.1,833.3,1000,555.6,893.3,517.1,666.7,666.7,888.9,614.3,777.8,888.9,444.4,888.9,666.7,888.9,888.9,666.7,600.9,555.6,707.9,530.881469726562,527.154181815424,2003,4,519,2002,221.05,0,221.050003051758,-18.7702026367188,-84.98046875,1064.98046875,818.770202636719,839.183471679688,16.2518997192383,10.8679428100586,85.7412033081055,1,24451.098,Apr 2003
2003-05-01,555.6,784.7,555.6,555.6,555.6,555.6,558.7,527.8,471,1000,555.6,555.6,833.3,727.4,502.6,925.9,444.4,550.2,555.6,522.2,457.6,555.6,666.7,555.6,555.6,333.3,555.6,333.3,555.6,483.8,555.6,444.4,585.229309082031,581.120448152851,2003,5,520,2003,0,14366.7,-14366.7001953125,122.334350585938,580.877197265625,649.122802734375,477.665649414062,591.293273925781,0,23.0802211761475,120.80770111084,1,19846.205,May 2003
2003-06-01,472.2,639.2,536.3,493.6,555.6,444.4,480.4,555.6,518.5,666.7,555.6,555.6,583.3,850.7,483.7,719.2,444.4,549.1,555.6,533.3,441.7,555.6,555.6,555.6,555.6,333.3,555.6,333.3,555.6,502.4,555.6,407.4,575.993835449219,572.990229513248,2003,6,521,2003,0,0,0,140.935668945312,703.684204101562,526.315795898438,459.064331054688,445.228454589844,0,23.0802211761475,120.80770111084,1,6005.141,Jun 2003
2003-07-01,472.2,650.9,555.6,390.6,555.6,555.6,483.4,333.3,540.7,666.7,555.6,566.7,611.1,771.7,510.9,687.5,444.4,543.6,555.6,555.6,397.6,555.6,555.6,561.2,561.2,333.3,555.6,444.4,555.6,505,444.4,416.7,559.537780761719,559.469577742591,2003,7,522,2003,3022.3,0,3022.30004882812,134.722229003906,721.22802734375,508.771942138672,465.277770996094,469.985900878906,0,23.0802211761475,120.80770111084,1,1086.145,Jul 2003
2003-08-01,666.7,736.1,611.1,490.8,620.9,555.6,500,518.5,555.6,500,555.6,588.9,611.1,666.7,654.2,577.1,555.6,607.7,666.7,555.6,478.9,555.6,743.1,666.7,555.6,566.7,555.6,470.3,555.6,777.8,513.4,666.7,578.267883300781,576.931579543118,2003,8,523,2003,9977.55,0,9977.5498046875,83.9181518554688,645.204650878906,584.795349121094,516.081848144531,483.330078125,1.15848004817963,22.8128395080566,120.80770111084,0,-54.305,Aug 2003
2003-09-01,750,801.6,500,583.1,666.7,555.6,631.9,650.4,555.6,500,555.6,700,694.4,694.4,739.8,733.4,666.7,598.5,666.7,666.7,558.5,555.6,716.7,666.7,555.6,833.3,555.6,432.8,638.9,833.3,555.6,717.6,614.075927734375,616.858294821567,2003,9,524,2003,10632.7666655,0,10632.7666015625,90.4970703125,607.192993164062,622.807006835938,509.5029296875,496.899932861328,4.98298168182373,21.9301376342773,120.80770111084,0,-658.547,Sep 2003
2003-10-01,777.8,798,555.6,581.3,555.6,555.6,574.4,646.9,666.7,500,555.6,722.2,666.7,666.7,736.9,764.1,555.6,596.6,722.2,722.2,556.2,444.4,747.1,666.7,600,500,555.6,431.1,622.2,833.3,555.6,637.3,641.178588867188,649.091443234691,2003,10,525,2003,17008.633333,0,17008.6328125,181.140350341797,486.578918457031,743.421081542969,418.859649658203,494.774353027344,9.05863571166992,20.9894676208496,120.80770111084,0,-328.832,Oct 2003
2003-11-01,666.7,746.2,555.6,633.3,553.5,555.6,572.6,646.7,654.3,500,600,744.4,611.1,555.6,622.2,701.1,555.6,622.2,666.7,722.2,555.6,555.6,777.8,555.6,666.7,555.6,666.7,441.2,644.4,1000,551.4,481.5,676.150390625,692.35571766189,2003,11,526,2003,4797.3000005,4422.6,374.700012207031,148.154693603516,98.5964965820312,561.403503417969,451.845306396484,605.389099121094,15.5782270431519,19.4847316741943,120.80770111084,0,-99.4,Nov 2003
2003-12-01,666.7,694.4,555.6,666.7,593.4,555.6,777.8,611.1,741.3,500,777.8,834.1,611.1,555.6,666.7,822.7,651.3,722.2,763.2,777.8,595.8,555.6,890.4,555.6,844.4,1000,822.2,444.4,777.8,833.3,555.6,833.3,815.947631835938,836.234185957497,2003,12,527,2003,7278.250001,2579.35,4698.89990234375,180.971649169922,244.584350585938,550.843322753906,419.028350830078,576.585083007812,17.4170837402344,19.0603179931641,120.80770111084,0,-4710.262,Dec 2003
2004-01-01,517.784916201117,529.562383612663,470.759776536313,659.029795158287,536.594972067039,470.759776536313,659.029795158287,564.8947858473,639.796089385475,564.8947858473,659.029795158287,659.029795158287,541.339851024209,470.759776536313,659.029795158287,706.054934823091,558.963687150838,659.029795158287,564.8947858473,706.054934823091,523.970204841713,470.759776536313,716.730912476722,470.759776536313,715.459962756052,706.054934823091,715.459962756052,470.759776536313,659.029795158287,611.919925512104,564.8947858473,533.459962756052,941.813354492188,961.026862456265,2004,1,528,2003,1766.05,6979.15,-5213.10009765625,170.987823486328,265.430114746094,534.569885253906,429.012176513672,652.469482421875,20.2069149017334,18.4164199829102,120.80770111084,0,-5162.117,Jan 2004
2004-02-01,517.784916201117,541.339851024209,564.8947858473,706.054934823091,557.862197392924,527.698324022346,686.651769087523,588.619180633147,695.37895716946,564.8947858473,659.029795158287,659.029795158287,635.474860335196,517.784916201117,659.029795158287,804.341713221601,570.571694599628,672.840782122905,564.8947858473,753.164804469274,581.247672253259,470.759776536313,753.164804469274,470.759776536313,715.459962756052,470.759776536313,715.459962756052,470.759776536313,659.029795158287,470.759776536313,470.759776536313,564.8947858473,987.409912109375,1004.42999861807,2004,2,529,2003,361.65,2513.55,-2151.89990234375,14.9449462890625,-74.6993408203125,877.192993164062,585.055053710938,588.3828125,20.883861541748,18.2601795196533,120.80770111084,0,-7363.842,Feb 2004
2004-03-01,564.8947858473,572.689944134078,564.8947858473,753.164804469274,659.029795158287,561.166666666667,941.434823091248,706.054934823091,1161.13966480447,564.8947858473,696.64990689013,762.569832402235,588.364990689013,517.784916201117,847.299813780261,914.067039106145,753.164804469274,747.996275605214,611.919925512104,941.434823091248,662.673184357542,470.759776536313,659.029795158287,564.8947858473,715.459962756052,564.8947858473,715.459962756052,564.8947858473,715.459962756052,659.029795158287,659.029795158287,564.8947858473,811.032287597656,821.142662912851,2004,3,530,2003,2.25,22833.65,-22831.400390625,179.874420166016,27.638671875,740.078369140625,420.125579833984,825.503356933594,21.0224857330322,18.2281856536865,120.80770111084,0,-6349.363,Mar 2004
2004-04-01,611.919925512104,611.919925512104,470.759776536313,753.164804469274,525.071694599628,564.8947858473,564.8947858473,423.64990689013,617.342644320298,564.8947858473,659.029795158287,687.244878957169,517.784916201117,470.759776536313,753.164804469274,847.299813780261,470.759776536313,659.029795158287,564.8947858473,847.299813780261,659.029795158287,442.290502793296,706.054934823091,470.759776536313,696.64990689013,470.759776536313,696.64990689013,470.759776536313,659.029795158287,659.029795158287,470.759776536313,519.310055865922,847.642639160156,857.257128446243,2004,4,531,2003,0,225.25,-225.25,208.552642822266,160.329956054688,666.666687011719,391.447357177734,605.693115234375,21.0233478546143,18.2279853820801,120.80770111084,0,-5299.166,Apr 2004
2004-05-01,470.759776536313,514.904096834264,423.64990689013,470.759776536313,451.864990689013,426.530726256983,470.759776536313,423.64990689013,439.324953445065,282.405027932961,376.540037243948,470.759776536313,470.759776536313,355.442271880819,470.759776536313,602.345437616387,376.540037243948,376.540037243948,564.8947858473,470.759776536313,470.759776536313,368.067039106145,470.759776536313,470.759776536313,376.540037243948,235.379888268156,376.540037243948,376.540037243948,376.540037243948,376.540037243948,282.405027932961,282.405027932961,774.674682617188,783.364943493544,2004,5,532,2004,0,1035.65,-1035.65002441406,411.520477294922,171.518188476562,596.4912109375,308.479522705078,594.399047851562,0,28.6312828063965,105.262786865234,0,-546.776,May 2004
2004-06-01,376.540037243948,517.784916201117,409.5,357.729981378026,397.637802607076,394.502793296089,470.759776536313,439.324953445065,483.299813780261,282.405027932961,376.540037243948,470.759776536313,376.540037243948,343.664804469274,611.919925512104,591.669459962756,376.540037243948,376.540037243948,564.8947858473,423.64990689013,415.854748603352,315.788640595903,659.029795158287,376.540037243948,376.540037243948,235.379888268156,376.540037243948,364.084729981378,376.540037243948,470.759776536313,273,295.029795158287,784.517272949219,792.633968523981,2004,6,533,2004,0,0,0,208.857330322266,241.693603515625,526.315795898438,511.142669677734,569.829162597656,0,28.6312828063965,105.262786865234,0,-1437.52,Jun 2004
2004-07-01,423.64990689013,517.784916201117,423.64990689013,470.759776536313,466.269087523278,376.540037243948,470.759776536313,455.508379888268,470.759776536313,376.540037243948,395.434823091248,486.943202979516,400.094972067039,379.081936685289,470.759776536313,652.759776536313,470.759776536313,423.64990689013,470.759776536313,470.759776536313,439.324953445065,470.759776536313,564.8947858473,564.8947858473,433.054934823091,259.612662942272,414.244878957169,470.759776536313,414.244878957169,589.127560521415,470.759776536313,375.353817504655,727.223571777344,733.302392038376,2004,7,534,2004,20760.15,0,20760.150390625,323.621826171875,233.136108398438,534.873291015625,396.378173828125,578.927185058594,0,28.6312828063965,105.262786865234,0,-2437.708,Jul 2004
2004-08-01,423.64990689013,511.938547486033,423.64990689013,517.784916201117,564.8947858473,447.204841713222,508.379888268156,488.976722532588,470.759776536313,376.540037243948,433.054934823091,543.542830540037,435.427374301676,588.364990689013,564.8947858473,655.47113594041,470.759776536313,470.759776536313,564.8947858473,564.8947858473,437.460893854749,470.759776536313,564.8947858473,564.8947858473,470.759776536313,611.919925512104,470.759776536313,470.759776536313,470.759776536313,636.15270018622,470.759776536313,416.278398510242,734.7734375,742.375478288967,2004,8,535,2004,22412.85,0,22412.849609375,259.473693847656,281.961395263672,486.048004150391,460.526306152344,610.701599121094,6.27183198928833,26.835578918457,105.262786865234,0,-5788.384,Aug 2004
2004-09-01,470.759776536313,538.204841713222,423.64990689013,470.759776536313,524.309124767225,447.204841713222,508.379888268156,566.250465549348,518.293296089385,376.540037243948,433.054934823091,566.674115456238,435.427374301676,635.474860335196,564.8947858473,571.418994413408,376.540037243948,476.182495344507,470.759776536313,611.919925512104,442.12104283054,470.759776536313,659.029795158287,564.8947858473,470.759776536313,706.054934823091,470.759776536313,470.759776536313,470.759776536313,644.28677839851,470.759776536313,461.43947858473,717.226928710938,724.468968890716,2004,9,536,2004,17750.8,755,16995.80078125,290.175445556641,123.965087890625,538.01171875,429.824554443359,642.286987304688,13.0429592132568,24.8969173431396,105.262786865234,0,-16355.134,Sep 2004
2004-10-01,470.759776536313,498.974860335196,423.64990689013,517.784916201117,517.784916201117,447.204841713222,564.8947858473,570.656424581005,539.814711359404,470.759776536313,433.054934823091,564.8947858473,435.427374301676,635.474860335196,659.029795158287,580.993482309125,470.759776536313,470.759776536313,470.759776536313,659.029795158287,445.594972067039,470.759776536313,659.029795158287,564.8947858473,470.759776536313,706.054934823091,470.759776536313,470.759776536313,470.759776536313,564.8947858473,470.759776536313,491.518621973929,729.269714355469,734.552979720557,2004,10,537,2004,26639.4,1156.35,25483.05078125,260.935668945312,1.83489990234375,599.415222167969,459.064331054688,653.833557128906,18.4056396484375,23.361515045166,105.262786865234,0,-10462.43,Oct 2004
2004-11-01,517.784916201117,515.243016759776,423.64990689013,517.784916201117,575.147113594041,447.204841713222,564.8947858473,637.762569832402,627.594972067039,487.790502793296,470.759776536313,611.919925512104,447.204841713222,682.584729981378,564.8947858473,543.627560521415,470.759776536313,470.759776536313,564.8947858473,659.029795158287,481.520484171322,470.759776536313,659.029795158287,564.8947858473,564.8947858473,706.054934823091,487.790502793296,470.759776536313,470.759776536313,564.8947858473,470.759776536313,488.383612662942,816.068786621094,817.164582140785,2004,11,538,2004,16140.2,3462.8,12677.400390625,211.228057861328,39.5379028320312,638.888916015625,508.771942138672,643.174743652344,26.4536476135254,21.0572662353516,105.262786865234,0,-14443.814,Nov 2004
2004-12-01,611.919925512104,533.459962756052,611.919925512104,470.759776536313,611.919925512104,546.084729981378,564.8947858473,780.617318435754,627.594972067039,470.759776536313,564.8947858473,706.054934823091,470.759776536313,753.164804469274,617.173184357542,579.553072625698,564.8947858473,564.8947858473,564.8947858473,706.054934823091,597.51582867784,470.759776536313,753.164804469274,640.219739292365,564.8947858473,564.8947858473,659.029795158287,564.8947858473,564.8947858473,673.179702048417,564.8947858473,633.271880819367,685.495422363281,687.422854498416,2004,12,539,2004,1575.65,10303.85,-8728.2001953125,85.4970703125,111.342163085938,649.122802734375,634.5029296875,751.520935058594,31.3297481536865,19.6611747741699,105.262786865234,0,-16097.278,Dec 2004
2005-01-01,565.059842519685,477.714173228346,517.481889763779,434.650393700787,582.973228346457,500.356692913386,521.566141732283,724.274015748031,548.364566929134,796.142519685039,477.714173228346,666.234645669291,517.481889763779,597.088976377953,564.916535433071,520.491338582677,557.32125984252,517.481889763779,557.32125984252,557.32125984252,551.803937007874,517.481889763779,666.234645669291,557.32125984252,557.32125984252,716.535433070866,557.32125984252,477.714173228346,557.32125984252,597.088976377953,477.714173228346,525.435433070866,615.961791992188,615.811648932478,2005,1,540,2004,0,8337.1,-8337.099609375,75.26318359375,7.90057373046875,654.970764160156,644.73681640625,758.857788085938,31.8057651519775,19.5248851776123,105.262786865234,0,-15557.498,Jan 2005
2005-02-01,597.088976377953,517.481889763779,557.32125984252,437.874803149606,612.709448818897,522.067716535433,716.535433070866,692.388188976378,565.274803149606,796.142519685039,557.32125984252,692.674803149606,597.088976377953,756.374803149606,599.453543307087,635.423622047244,477.714173228346,557.32125984252,597.088976377953,477.714173228346,605.687401574803,597.088976377953,636.928346456693,636.928346456693,636.928346456693,786.54094488189,636.928346456693,477.714173228346,509.528346456693,666.091338582677,557.32125984252,700.628346456693,490.769226074219,490.410520344293,2005,2,541,2004,0,0,0,77.6023559570312,13.74853515625,649.122802734375,642.397644042969,752.845764160156,31.8057651519775,19.5248851776123,105.262786865234,1,-7961.274,Feb 2005
2005-03-01,597.088976377953,516.048818897638,597.088976377953,437.874803149606,660.35905511811,597.088976377953,716.535433070866,730.866141732283,561.118897637795,716.535433070866,621.02125984252,652.835433070866,597.088976377953,696.615748031496,676.696062992126,733.445669291339,477.714173228346,603.752755905512,716.535433070866,557.32125984252,716.535433070866,796.142519685039,636.928346456693,557.32125984252,636.928346456693,597.088976377953,636.928346456693,477.714173228346,636.928346456693,693.749606299213,557.32125984252,581.18188976378,483.570495605469,480.291654613279,2005,3,542,2004,0,0,0,64.5419311523438,-58.2081909179688,721.079528808594,655.458068847656,733.142395019531,31.8057651519775,19.5248851776123,105.262786865234,1,-4344.716,Mar 2005
2005-04-01,597.088976377953,495.770866141732,557.32125984252,398.107086614173,546.429921259842,597.088976377953,636.928346456693,475.851181102362,445.183464566929,597.088976377953,605.042519685039,597.088976377953,577.24094488189,602.964566929134,644.738582677165,716.535433070866,398.107086614173,557.32125984252,597.088976377953,530.737795275591,561.190551181102,597.088976377953,636.928346456693,398.107086614173,605.042519685039,477.714173228346,636.928346456693,477.714173228346,557.32125984252,597.088976377953,477.714173228346,557.32125984252,479.286346435547,474.599939650571,2005,4,543,2004,0,0,0,165.175415039062,-57.888916015625,720.76025390625,554.824584960938,704.92041015625,31.8057651519775,19.5248851776123,105.262786865234,1,-2338.282,Apr 2005
2005-05-01,477.714173228346,493.11968503937,557.32125984252,477.714173228346,477.714173228346,477.714173228346,578.674015748031,412.581102362205,404.484251968504,318.428346456693,398.107086614173,517.481889763779,577.24094488189,595.011023622047,477.714173228346,716.535433070866,318.428346456693,398.107086614173,557.32125984252,484.807874015748,509.886614173228,477.714173228346,636.928346456693,477.714173228346,477.714173228346,477.714173228346,477.714173228346,477.714173228346,398.107086614173,609.628346456693,477.714173228346,382.128346456693,481.895050048828,478.337983469003,2005,5,544,2005,0,0,0,-153.983764648438,10.0935668945312,652.777770996094,873.983764648438,699.354858398438,0,12.8052959442139,67.6610717773438,1,-209.697,May 2005
2005-06-01,477.714173228346,555.1,557.32125984252,453.28031496063,477.714173228346,577.24094488189,557.32125984252,456.146456692913,368.012598425197,318.428346456693,398.107086614173,557.32125984252,577.24094488189,597.088976377953,493.048031496063,636.928346456693,318.428346456693,398.107086614173,557.32125984252,523.715748031496,429.992913385827,477.714173228346,636.928346456693,557.32125984252,605.042519685039,597.088976377953,477.714173228346,477.714173228346,398.107086614173,627.040157480315,398.107086614173,414.229133858268,468.752624511719,466.251701083062,2005,6,545,2005,3647.95,0,3647.94995117188,127.894714355469,-17.6842041015625,680.555541992188,592.105285644531,866.510009765625,0,12.8052959442139,67.6610717773438,1,-82.492,Jun 2005
2005-07-01,477.714173228346,524.575590551181,557.32125984252,398.107086614173,529.591338582677,592.288188976378,557.32125984252,525.507086614173,451.130708661417,398.107086614173,398.107086614173,557.32125984252,597.088976377953,696.615748031496,517.481889763779,636.928346456693,318.428346456693,408.138582677165,557.32125984252,534.105511811024,481.440157480315,557.32125984252,636.928346456693,636.928346456693,477.714173228346,477.714173228346,477.714173228346,517.481889763779,398.107086614173,661.577165354331,477.714173228346,460.66062992126,482.820770263672,476.718678174325,2005,7,546,2005,20471.05,0,20471.05078125,69.4152221679688,0.4931640625,662.378173828125,650.584777832031,798.619934082031,2.40766954421997,12.4969863891602,67.6610717773438,1,-225.562,Jul 2005
2005-08-01,477.714173228346,670.318897637795,609.7,421.322834645669,558.897637795276,597.088976377953,557.32125984252,626.825196850394,477.714173228346,444.538582677165,477.714173228346,605.544094488189,716.535433070866,691.671653543307,676.696062992126,676.696062992126,477.714173228346,477.714173228346,796.142519685039,517.481889763779,557.32125984252,716.535433070866,636.928346456693,636.928346456693,477.714173228346,549.367716535433,477.714173228346,557.32125984252,477.714173228346,676.696062992126,557.32125984252,495.269291338583,511.165618896484,503.856233119133,2005,8,547,2005,27839.2,0,27839.19921875,16.0526123046875,-53.520263671875,716.3916015625,703.947387695312,775.75634765625,15.9186887741089,10.7668609619141,67.6610717773438,1,41.776,Aug 2005
2005-09-01,517.481889763779,716.535433070866,636.211811023622,480.007086614173,622.525984251969,597.088976377953,557.32125984252,693.82125984252,544.28031496063,477.714173228346,557.32125984252,649.682677165354,776.222834645669,750.499212598425,829.748031496063,703.781102362205,477.714173228346,557.32125984252,716.535433070866,557.32125984252,636.928346456693,796.142519685039,716.535433070866,636.928346456693,557.32125984252,477.714173228346,557.32125984252,557.32125984252,557.32125984252,756.374803149606,636.928346456693,557.32125984252,545.68994140625,537.434816809225,2005,9,548,2005,17160.4,0,17160.400390625,-23.4210815429688,-82.74267578125,745.614013671875,743.421081542969,773.953918457031,34.2927322387695,8.4140100479126,67.6610717773438,1,-2189.7698,Sep 2005
2005-10-01,597.088976377953,743.118897637795,679.705511811024,496.917322834646,723.414173228347,636.928346456693,716.535433070866,728.50157480315,556.389763779528,511.104724409449,605.042519685039,691.958267716535,796.142519685039,884.706299212598,872.955118110236,796.142519685039,477.714173228346,596.300787401575,796.142519685039,557.32125984252,636.928346456693,716.535433070866,716.535433070866,636.928346456693,636.928346456693,597.088976377953,636.928346456693,676.696062992126,636.928346456693,796.142519685039,716.535433070866,634.277165354331,563.009948730469,553.827870190993,2005,10,549,2005,5154.7,0,5154.7001953125,-102.368408203125,-82.74267578125,745.614013671875,822.368408203125,837.205017089844,45.6187057495117,6.96368598937988,67.6610717773438,1,4278.747,Oct 2005
2005-11-01,597.088976377953,756.374803149606,676.696062992126,517.983464566929,796.142519685039,716.535433070866,796.142519685039,796.142519685039,660.430708661417,716.535433070866,636.928346456693,756.374803149606,875.749606299212,1037.11338582677,981.796850393701,796.142519685039,517.983464566929,716.535433070866,796.142519685039,676.696062992126,716.535433070866,796.142519685039,796.142519685039,636.928346456693,716.535433070866,597.088976377953,716.535433070866,676.696062992126,716.535433070866,716.535433070866,796.142519685039,676.696062992126,565.557678222656,556.467510465054,2005,11,550,2005,2195.85,0,2195.85009765625,-170.350891113281,-171.558471679688,834.429809570312,890.350891113281,942.704345703125,49.0208358764648,6.52803325653076,67.6610717773438,1,10238.14654,Nov 2005
2005-12-01,636.928346456693,809.39842519685,716.535433070866,559.757480314961,796.142519685039,796.142519685039,915.588976377953,796.142519685039,825.018897637795,796.142519685039,716.535433070866,756.374803149606,955.356692913386,1052.16062992126,1032.02598425197,796.142519685039,796.142519685039,867.796062992126,796.142519685039,756.374803149606,796.142519685039,796.142519685039,796.142519685039,636.928346456693,774.288188976378,835.981889763779,774.288188976378,796.142519685039,770.490551181102,716.535433070866,875.749606299212,756.446456692913,593.746704101562,583.6434048963,2005,12,551,2005,742.8,0,742.799987792969,-165.964904785156,-266.660827636719,929.532165527344,885.964904785156,897.033203125,50.4701118469238,6.34244918823242,67.6610717773438,1,17055.237,Dec 2005
2006-01-01,602.743497109826,779.28612716763,730.564306358381,584.464595375722,704.329479768786,730.564306358381,840.171965317919,730.564306358381,730.564306358381,730.564306358381,730.564306358381,812.885115606936,876.66401734104,984.167630057803,676.056358381503,740.887283236994,730.564306358381,803.614161849711,730.564306358381,694.07225433526,730.564306358381,876.66401734104,803.614161849711,584.464595375722,832.873554913295,876.66401734104,730.564306358381,620.956647398844,803.614161849711,803.614161849711,803.614161849711,767.12210982659,604.907531738281,592.342901142471,2006,1,552,2005,1454.65,19867.55,-18412.900390625,-201.052612304688,-15.4691162109375,866.228088378906,921.052612304688,883.366394042969,50.9603652954102,6.27967023849487,67.6610717773438,1,25169.29265,Jan 2006
2006-02-01,657.514450867052,816.501445086705,730.564306358381,657.514450867052,852.533236994219,876.66401734104,840.171965317919,967.992774566474,768.10838150289,876.66401734104,730.564306358381,840.171965317919,803.614161849711,1037.0975433526,949.71387283237,767.12210982659,730.564306358381,881.46387283237,876.66401734104,768.10838150289,1278.4710982659,949.71387283237,803.614161849711,730.564306358381,949.71387283237,966.809248554913,730.564306358381,840.171965317919,876.66401734104,803.614161849711,886.263728323699,876.66401734104,535.971435546875,524.150415552348,2006,2,553,2005,0,29646.68,-29646.6796875,-260.26318359375,-195.796081542969,872.319702148438,980.26318359375,609.970275878906,51.9204444885254,6.15672969818115,67.6610717773438,1,29479.3493,Feb 2006
2006-03-01,657.514450867052,822.024566473988,730.564306358381,730.564306358381,769.291907514451,767.12210982659,829.388728323699,858.450867052023,831.16401734104,876.66401734104,1022.82947976879,819.460260115607,821.893063583815,913.682080924855,949.71387283237,821.893063583815,721.556358381503,803.614161849711,829.388728323699,894.942919075144,730.564306358381,876.66401734104,803.614161849711,584.464595375722,876.66401734104,986.271676300578,1022.82947976879,730.564306358381,876.66401734104,547.906791907514,730.564306358381,937.549855491329,596.674621582031,581.780806014151,2006,3,554,2005,0,24157.61,-24157.609375,-136.725158691406,-186.412292480469,877.192993164062,856.725158691406,1218.54931640625,51.9204444885254,6.15672969818115,67.6610717773438,1,27504.963,Mar 2006
2006-04-01,821.893063583815,697.557080924855,587.028901734104,730.564306358381,511.414739884393,566.185693641618,672.374277456647,775.932803468208,746.870664739884,704.460982658959,803.614161849711,730.564306358381,730.564306358381,658.829479768786,763.177023121387,660.407514450867,658.829479768786,584.464595375722,651.662572254335,730.564306358381,587.028901734104,730.564306358381,645.744942196532,469.662572254335,584.464595375722,767.12210982659,876.66401734104,547.906791907514,704.460982658959,365.315028901734,587.028901734104,584.464595375722,582.69775390625,566.805368826362,2006,4,555,2005,0,8807,-8807,193.684204101562,-109.787414550781,804.093566894531,526.315795898438,469.293334960938,51.9204444885254,6.15672969818115,67.6610717773438,1,15212.58215,Apr 2006
2006-05-01,730.564306358381,547.906791907514,365.315028901734,511.414739884393,365.315028901734,365.315028901734,438.364884393064,377.479046242775,365.315028901734,365.315028901734,365.315028901734,438.364884393064,493.135838150289,466.309248554913,365.315028901734,528.115606936416,390.366329479769,365.315028901734,461.18063583815,547.906791907514,365.315028901734,438.364884393064,657.514450867052,332.373554913295,365.315028901734,438.364884393064,365.315028901734,365.315028901734,292.199421965318,255.707369942196,365.315028901734,438.364884393064,673.147766113281,652.313186691732,2006,5,556,2006,0,150,-150,352.105255126953,196.315795898438,473.684204101562,407.894744873047,384.850891113281,0,37.5218772888184,114.56950378418,1,2409.15,May 2006
2006-06-01,547.906791907514,547.906791907514,365.315028901734,365.315028901734,313.568641618497,313.568641618497,365.315028901734,358.21387283237,365.315028901734,365.315028901734,334.87210982659,401.807080924855,365.315028901734,427.515895953757,365.315028901734,502.406791907514,336.581647398844,292.199421965318,392.14161849711,438.364884393064,365.315028901734,292.199421965318,730.564306358381,365.315028901734,334.87210982659,401.872832369942,365.315028901734,365.315028901734,292.199421965318,365.315028901734,365.315028901734,438.364884393064,748.271301269531,719.839273396444,2006,6,557,2006,1202.85,500,702.849975585938,365.263153076172,234.210510253906,565.789489746094,394.736846923828,395.685150146484,0,37.5218772888184,114.56950378418,1,191.622,Jun 2006
2006-07-01,365.315028901734,547.906791907514,365.315028901734,401.807080924855,346.773121387283,328.757225433526,365.315028901734,354.005780346821,376.295520231214,358.082369942196,365.315028901734,401.807080924855,387.210260115607,529.693641618497,365.315028901734,496.817919075144,369.325867052023,292.199421965318,387.999277456647,365.315028901734,365.315028901734,365.315028901734,438.364884393064,511.414739884393,292.199421965318,438.364884393064,365.315028901734,292.199421965318,292.199421965318,365.315028901734,358.082369942196,379.911849710983,798.473083496094,762.855194953,2006,7,558,2006,40628.05,26.75,40601.30078125,340.994140625,-331.228057861328,491.228057861328,419.005859375,426.346771240234,0.264550775289536,37.4226150512695,114.56950378418,1,39.172,Jul 2006
2006-08-01,328.757225433526,547.906791907514,365.315028901734,365.315028901734,365.315028901734,365.315028901734,438.364884393064,438.364884393064,387.210260115607,292.199421965318,365.315028901734,401.807080924855,388.788294797688,522.000722543353,511.414739884393,584.464595375722,365.315028901734,292.199421965318,365.315028901734,401.807080924855,292.199421965318,339.737716763006,438.364884393064,365.315028901734,292.199421965318,443.953757225433,365.315028901734,365.315028901734,292.199421965318,365.315028901734,365.315028901734,409.10549132948,847.080444335938,803.771068229947,2006,8,559,2006,130157.9,0,130157.8984375,352.105255126953,-365.731018066406,525.731018066406,407.894744873047,466.495727539062,9.20014762878418,34.0698089599609,114.56950378418,1,4.725,Aug 2006
2006-09-01,328.757225433526,547.906791907514,365.315028901734,438.364884393064,365.315028901734,365.315028901734,438.364884393064,487.020953757225,438.364884393064,292.199421965318,365.315028901734,438.364884393064,414.69436416185,580.848265895954,511.414739884393,584.464595375722,292.199421965318,438.364884393064,365.315028901734,474.856936416185,292.199421965318,357.556358381503,438.364884393064,365.315028901734,438.364884393064,438.364884393064,365.315028901734,365.315028901734,438.364884393064,273.986271676301,365.315028901734,438.364884393064,836.87353515625,792.070336824453,2006,9,560,2006,187269.9,0,187269.90625,312.631591796875,-348.771942138672,508.771942138672,447.368408203125,502.029602050781,37.8266372680664,23.3286113739014,114.56950378418,1,46.163,Sep 2006
2006-10-01,365.315028901734,547.906791907514,365.315028901734,438.364884393064,402.924855491329,365.315028901734,482.155346820809,575.32514450867,438.364884393064,322.313583815029,438.364884393064,452.961705202312,438.364884393064,658.434971098266,511.414739884393,644.692919075144,438.364884393064,511.414739884393,365.315028901734,547.906791907514,292.199421965318,375.57225433526,452.961705202312,402.924855491329,483.470375722543,483.470375722543,438.364884393064,365.315028901734,511.414739884393,365.315028901734,438.364884393064,533.309971098266,735.964172363281,692.885814979443,2006,10,561,2006,0,306,-306,269.868408203125,-242.468200683594,552.631591796875,490.131591796875,457.264221191406,79.0141448974609,7.87428569793701,114.56950378418,1,-2004.568,Oct 2006
2006-11-01,365.315028901734,474.856936416185,365.315028901734,438.364884393064,462.101156069364,365.315028901734,474.856936416185,620.956647398844,511.414739884393,584.464595375722,438.364884393064,474.856936416185,438.364884393064,610.765173410404,511.414739884393,562.96387283237,365.315028901734,584.464595375722,365.315028901734,511.414739884393,332.307803468208,380.306358381503,511.414739884393,412.787572254335,584.464595375722,495.371387283237,438.364884393064,365.315028901734,584.464595375722,365.315028901734,511.414739884393,526.011560693642,892.08251953125,839.866051617004,2006,11,562,2006,16053.9,109,15944.900390625,260,-176.798675537109,565.789489746094,500,632.5712890625,79.0141448974609,7.87428569793701,114.56950378418,1,-5176.26466,Nov 2006
2006-12-01,365.315028901734,547.906791907514,438.364884393064,438.364884393064,529.693641618497,365.315028901734,474.856936416185,657.514450867052,569.867774566474,511.414739884393,584.464595375722,474.856936416185,438.364884393064,547.906791907514,511.414739884393,577.231936416185,438.364884393064,657.514450867052,365.315028901734,584.464595375722,401.807080924855,390.103323699422,511.414739884393,511.414739884393,657.514450867052,519.830924855491,584.464595375722,365.315028901734,657.514450867052,474.856936416185,438.364884393064,540.60838150289,924.591918945312,867.08900327553,2006,12,563,2006,14196.9,4464.35,9732.5498046875,233.684204101562,-238.538024902344,748.538024902344,526.315795898438,707.227233886719,82.5449905395508,6.54944753646851,114.56950378418,1,-10703.222,Dec 2006
2007-01-01,396.016318537859,494.975848563969,396.016318537859,330.023498694517,492.481070496084,372.31592689295,473.176240208877,633.554830287206,508.221932114883,346.477154046997,593.994778067885,458.682767624021,428.983028720627,508.994125326371,462.009138381201,522.953002610966,462.009138381201,659.987597911227,396.016318537859,511.78590078329,405.342036553525,396.016318537859,462.009138381201,462.009138381201,627.555483028721,482.294060052219,593.994778067885,330.023498694517,659.987597911227,330.023498694517,396.016318537859,528.001958224543,914.720092773438,851.60014995809,2007,1,564,2006,0,3630.05,-3630.05004882812,233.684204101562,152.353759765625,739.183776855469,526.315795898438,686.115417480469,85.6674118041992,5.37785720825195,114.56950378418,1,-7571.2275,Jan 2007
2007-02-01,396.016318537859,494.975848563969,396.016318537859,330.023498694517,501.153394255875,396.016318537859,480.125979112272,659.096605744125,462.009138381201,396.016318537859,659.987597911227,494.975848563969,462.009138381201,517.666449086162,462.009138381201,649.652088772846,462.009138381201,659.987597911227,396.016318537859,462.009138381201,411.16318537859,396.016318537859,462.009138381201,462.009138381201,659.987597911227,494.975848563969,462.009138381201,330.023498694517,659.987597911227,494.975848563969,396.016318537859,494.975848563969,1059.98315429688,988.072933556228,2007,2,565,2006,0,2908.5,-2908.5,198.596496582031,225.788452148438,720.469055175781,561.403503417969,690.138732910156,85.6674118041992,5.37785720825195,114.56950378418,1,-8381.565,Feb 2007
2007-03-01,428.983028720627,494.975848563969,396.016318537859,330.023498694517,502.994778067885,396.016318537859,480.125979112272,635.218015665796,462.009138381201,659.987597911227,528.001958224543,528.001958224543,445.496083550914,560.968668407311,462.009138381201,627.02088772846,462.009138381201,659.987597911227,396.016318537859,428.983028720627,412.351174934726,396.016318537859,462.009138381201,528.001958224543,659.987597911227,593.994778067885,462.009138381201,330.023498694517,659.987597911227,462.009138381201,396.016318537859,508.221932114883,1279.7578125,1184.72557682553,2007,3,566,2006,0,2522.5,-2522.5,191.179260253906,277.886108398438,667.447204589844,568.820739746094,626.944091796875,85.6674118041992,5.37785720825195,114.56950378418,0,-43618.59684,Mar 2007
2007-04-01,428.983028720627,480.779373368146,396.016318537859,330.023498694517,464.682114882507,396.016318537859,475.90861618799,585.500652741515,494.975848563969,528.001958224543,528.001958224543,528.001958224543,412.46997389034,520.874020887729,462.009138381201,619.595953002611,396.016318537859,659.987597911227,396.016318537859,462.009138381201,375.820496083551,396.016318537859,457.494778067885,517.725848563969,659.987597911227,582.411879895562,528.001958224543,330.023498694517,659.987597911227,396.016318537859,462.009138381201,514.815274151436,1118.20556640625,1026.4816764622,2007,4,567,2006,0,535.15,-535.150024414062,288.508758544922,348.888916015625,611.111083984375,471.491241455078,540.413024902344,85.6674118041992,5.37785720825195,114.56950378418,1,-33652.29312,Apr 2007
2007-05-01,428.983028720627,448.584856396867,396.016318537859,330.023498694517,396.016318537859,330.023498694517,415.142950391645,446.149477806789,352.001305483029,396.016318537859,462.009138381201,428.983028720627,362.990208877285,429.933420365535,396.016318537859,570.828981723238,462.009138381201,528.001958224543,330.023498694517,428.983028720627,344.101174934726,330.023498694517,462.009138381201,330.023498694517,528.001958224543,494.975848563969,462.009138381201,330.023498694517,528.001958224543,263.971279373368,330.023498694517,428.983028720627,1092.99633789062,998.757821140319,2007,5,568,2007,0,300,-300,344.593658447266,332.807006835938,627.192993164062,415.406341552734,492.363342285156,0,42.9792785644531,157.916137695312,1,-19618.755,May 2007
2007-06-01,396.016318537859,468.780678851175,330.023498694517,330.023498694517,396.016318537859,330.023498694517,379.800261096606,373.979112271541,394.590731070496,390.967362924282,462.009138381201,428.983028720627,379.503263707572,419.419712793734,396.016318537859,566.730417754569,462.009138381201,396.016318537859,330.023498694517,462.009138381201,330.023498694517,362.990208877285,396.016318537859,330.023498694517,396.016318537859,396.016318537859,462.009138381201,396.016318537859,396.016318537859,330.023498694517,325.806135770235,396.016318537859,1077.00671386719,977.180187389136,2007,6,569,2007,18476.3,0,18476.30078125,325.184509277344,381.052612304688,578.947387695312,434.815490722656,466.977600097656,0,42.9792785644531,157.916137695312,0,-839.589,Jun 2007
2007-07-01,396.016318537859,468.364882506528,330.023498694517,330.023498694517,396.016318537859,330.023498694517,379.265665796345,396.016318537859,373.979112271541,389.838772845953,462.009138381201,396.016318537859,412.46997389034,418.172323759791,396.016318537859,565.780026109661,396.016318537859,396.016318537859,330.023498694517,428.983028720627,330.023498694517,396.016318537859,396.016318537859,396.016318537859,396.016318537859,396.016318537859,462.009138381201,330.023498694517,396.016318537859,396.016318537859,330.023498694517,428.983028720627,1061.41821289062,954.799166585627,2007,7,570,2007,114267.95,0,114267.953125,209.565734863281,337.192993164062,622.807006835938,550.434265136719,464.603942871094,3.46236634254456,41.4911766052246,157.916137695312,0,-1098.343,Jul 2007
2007-08-01,428.983028720627,494.975848563969,330.023498694517,330.023498694517,413.895561357702,330.023498694517,396.016318537859,428.983028720627,401.956266318538,396.016318537859,462.009138381201,462.009138381201,412.46997389034,494.975848563969,396.016318537859,494.975848563969,462.009138381201,396.016318537859,396.016318537859,472.404046997389,344.873368146214,396.016318537859,413.895561357702,413.895561357702,396.016318537859,494.975848563969,396.016318537859,396.016318537859,396.016318537859,428.983028720627,344.873368146214,475.195822454308,1165.46472167969,1041.76823716422,2007,8,571,2007,182596.25,0,182596.25,202.982482910156,221.150756835938,738.849243164062,557.017517089844,513.752563476562,24.8756084442139,32.2879219055176,157.916137695312,0,-765.53,Aug 2007
2007-09-01,428.983028720627,494.975848563969,330.023498694517,396.016318537859,452.861618798956,330.023498694517,462.009138381201,453.930809399478,444.842689295039,418.053524804178,396.016318537859,503.232375979112,478.522193211488,504.182767624021,396.016318537859,494.975848563969,462.009138381201,528.001958224543,396.016318537859,462.009138381201,396.016318537859,396.016318537859,396.016318537859,396.016318537859,462.009138381201,494.975848563969,462.009138381201,330.023498694517,501.569190600522,396.016318537859,396.016318537859,494.975848563969,1194.61010742188,1061.80373943924,2007,9,572,2007,81109.55,0,81109.546875,166.533569335938,203.662658691406,756.337341308594,593.466430664062,564.221435546875,59.0932312011719,17.5814323425293,157.916137695312,0,-5999.397,Sep 2007
2007-10-01,428.983028720627,494.975848563969,330.023498694517,396.016318537859,538.990861618799,379.503263707572,528.001958224543,528.001958224543,560.968668407311,494.975848563969,462.009138381201,528.001958224543,478.522193211488,532.575718015666,528.001958224543,478.522193211488,462.009138381201,528.001958224543,396.016318537859,528.001958224543,396.016318537859,396.016318537859,462.009138381201,494.975848563969,528.001958224543,560.988468233246,462.009138381201,330.023498694517,528.001958224543,396.016318537859,396.016318537859,524.675587467363,1179.89318847656,1039.15222514343,2007,10,573,2007,0,317.5,-317.5,201.812866210938,116.842102050781,763.157897949219,558.187133789062,577.755126953125,74.2927551269531,11.0487861633301,157.916137695312,0,-13488.681,Oct 2007
2007-11-01,428.983028720627,544.51501305483,330.023498694517,528.001958224543,554.197127937337,379.503263707572,462.009138381201,544.51501305483,593.994778067885,593.994778067885,593.994778067885,528.001958224543,494.975848563969,560.968668407311,528.001958224543,493.728459530026,462.009138381201,659.987597911227,396.016318537859,528.001958224543,442.05091383812,396.016318537859,462.009138381201,462.009138381201,659.987597911227,627.001087902524,528.001958224543,396.016318537859,659.987597911227,396.016318537859,528.001958224543,593.994778067885,1211.17529296875,1063.39194348088,2007,11,574,2007,0,22779.68,-22779.6796875,204.444458007812,168.421081542969,631.578918457031,555.555541992188,644.294494628906,74.2927551269531,11.0487861633301,157.916137695312,0,-9322.10982,Nov 2007
2007-12-01,396.016318537859,544.51501305483,396.016318537859,528.001958224543,603.855091383812,412.46997389034,593.994778067885,574.749347258486,659.987597911227,634.208224543081,659.987597911227,528.001958224543,511.488903394256,579.976501305483,563.76044386423,510.360313315927,593.994778067885,693.013707571802,396.016318537859,659.987597911227,456.306788511749,396.016318537859,462.009138381201,462.009138381201,659.987597911227,693.013707571802,659.987597911227,494.975848563969,725.980417754569,462.009138381201,593.994778067885,560.968668407311,1121.99645996094,978.184393796229,2007,12,575,2007,0,27320.6,-27320.599609375,159.173217773438,132.39990234375,631.578918457031,600.826782226562,680.087646484375,74.2927551269531,11.0487861633301,157.916137695312,0,-17293.4014,Dec 2007
2008-01-01,440.361788617886,513.764227642277,411.032520325203,587.166666666667,563.914634146341,366.959349593496,528.455284552846,519.894308943089,587.166666666667,603.707317073171,587.166666666667,528.455284552846,469.743902439024,544.20325203252,469.743902439024,519.630081300813,587.166666666667,645.878048780488,469.743902439024,587.166666666667,449.345528455285,423.345528455285,411.032520325203,411.032520325203,704.589430894309,616.548780487805,587.166666666667,440.361788617886,704.589430894309,352.321138211382,528.455284552846,528.455284552846,1122.27734375,964.993820904208,2008,1,576,2007,0,35687.96,-35687.9609375,70.3448486328125,168.421081542969,631.578918457031,689.655151367188,704.042358398438,74.2927551269531,11.0487861633301,157.916137695312,1,-31332.969,Jan 2008
2008-02-01,440.361788617886,528.455284552846,411.032520325203,587.166666666667,580.032520325203,499.073170731707,528.455284552846,531.943089430894,587.166666666667,587.166666666667,587.166666666667,528.455284552846,616.548780487805,558.788617886179,469.743902439024,532.471544715447,469.743902439024,763.30081300813,587.166666666667,587.166666666667,457.853658536585,489.508130081301,411.032520325203,440.361788617886,822.065040650407,640.910569105691,587.166666666667,587.166666666667,763.30081300813,440.361788617886,528.455284552846,528.455284552846,995.168212890625,851.45548793362,2008,2,577,2007,0,61446.68,-61446.6796875,-187.897766113281,-47.4576416015625,847.457641601562,947.897766113281,779.683471679688,74.2927551269531,11.0487861633301,157.916137695312,1,-38128.64558,Feb 2008
2008-03-01,440.361788617886,557.467479674797,469.743902439024,704.589430894309,484.434959349593,499.073170731707,587.166666666667,587.166666666667,645.878048780488,704.589430894309,704.589430894309,557.837398373984,631.186991869919,596.573170731707,587.166666666667,597.630081300813,469.743902439024,792.682926829268,704.589430894309,587.166666666667,528.455284552846,511.069105691057,528.455284552846,528.455284552846,822.065040650407,711.30081300813,704.589430894309,587.166666666667,822.065040650407,411.032520325203,645.878048780488,557.837398373984,991.41748046875,837.176300771704,2008,3,578,2007,0,47424.4,-47424.3984375,-119.407531738281,-125.820068359375,925.820068359375,879.407531738281,837.448120117188,74.2927551269531,11.0487861633301,157.916137695312,1,-57629.30373,Mar 2008
2008-04-01,440.361788617886,557.837398373984,440.361788617886,645.878048780488,468.052845528455,440.361788617886,704.589430894309,567.349593495935,645.878048780488,680.808943089431,704.589430894309,587.166666666667,587.166666666667,577.073170731707,587.166666666667,577.443089430894,587.166666666667,587.166666666667,704.589430894309,587.166666666667,510.593495934959,562.434959349594,528.455284552846,510.593495934959,587.166666666667,687.256097560976,704.589430894309,587.166666666667,645.878048780488,411.032520325203,587.166666666667,528.455284552846,967.563110351562,811.736297028289,2008,4,579,2007,0,0,0,181.052612304688,164.406799316406,635.593200683594,578.947387695312,730.615356445312,74.2927551269531,11.0487861633301,157.916137695312,1,-36707.93422,Apr 2008
2008-05-01,440.361788617886,440.361788617886,352.321138211382,469.743902439024,378.79674796748,411.032520325203,499.073170731707,451.829268292683,381.650406504065,440.361788617886,411.032520325203,528.455284552846,557.837398373984,479.361788617886,587.166666666667,512.760162601626,528.455284552846,411.032520325203,469.743902439024,411.032520325203,411.032520325203,469.743902439024,528.455284552846,381.650406504065,469.743902439024,559.686991869919,411.032520325203,528.455284552846,469.743902439024,293.609756097561,469.743902439024,489.29674796748,920.06103515625,765.679609993724,2008,5,580,2008,0,0,0,228.460021972656,107.02685546875,692.97314453125,671.539978027344,677.752075195312,0,41.023307800293,109.402778625488,1,-4998.81474,May 2008
2008-06-01,440.361788617886,528.455284552846,352.321138211382,411.032520325203,376.630081300813,469.743902439024,524.808943089431,446.227642276423,379.113821138211,352.321138211382,469.743902439024,499.073170731707,528.455284552846,530.886178861789,469.743902439024,473.390243902439,352.321138211382,469.743902439024,440.361788617886,411.032520325203,411.032520325203,440.361788617886,557.837398373984,376.947154471545,469.743902439024,440.361788617886,528.455284552846,587.166666666667,469.743902439024,289.963414634146,440.361788617886,440.361788617886,951.11767578125,780.235527332802,2008,6,581,2008,540.5,0,540.5,128.070190429688,-44.87744140625,844.87744140625,771.929809570312,1051.8203125,0,41.023307800293,109.402778625488,1,-1694.30045,Jun 2008
2008-07-01,440.361788617886,499.073170731707,411.032520325203,411.032520325203,439.886178861789,515.349593495935,574.219512195122,433.967479674797,411.032520325203,376.630081300813,469.743902439024,499.073170731707,576.069105691057,586.691056910569,469.743902439024,470.80081300813,469.743902439024,469.743902439024,469.743902439024,469.743902439024,469.743902439024,440.361788617886,587.166666666667,528.455284552846,469.743902439024,470.80081300813,528.455284552846,587.166666666667,469.743902439024,309.991869918699,470.80081300813,557.837398373984,1006.48712158203,814.046243262841,2008,7,582,2008,13754.15,0,13754.150390625,57.8947143554688,-42.3247680664062,842.324768066406,842.105285644531,1319.53503417969,0.1035375893116,40.9808349609375,109.402778625488,1,-150.41124,Jul 2008
2008-08-01,381.650406504065,587.166666666667,469.743902439024,411.032520325203,462.50406504065,528.455284552846,635.414634146341,478.569105691057,469.743902439024,352.321138211382,528.455284552846,616.548780487805,678.483739837398,646.987804878049,587.166666666667,469.743902439024,469.743902439024,587.166666666667,499.073170731707,528.455284552846,434.865853658537,469.743902439024,587.166666666667,469.743902439024,519.207317073171,528.455284552846,583.731707317073,528.455284552846,341.857723577236,528.455284552846,626.430894308943,645.878048780488,956.360046386719,768.699122264194,2008,8,583,2008,25080.75,0,25080.75,22.8070068359375,-47.4576416015625,847.457641601562,877.192993164062,1462.30322265625,2.73826766014099,39.8999786376953,109.402778625488,1,-674.74926,Aug 2008
2008-09-01,440.361788617886,587.166666666667,587.166666666667,437.613821138211,498.650406504065,574.906504065041,716.268292682927,509.536585365854,484.963414634146,375.09756097561,562.646341463415,616.548780487805,713.361788617886,688.894308943089,645.878048780488,628.70325203252,411.032520325203,508.849593495935,645.878048780488,587.166666666667,528.455284552846,587.166666666667,704.589430894309,587.166666666667,528.455284552846,552.817073170732,562.646341463415,587.166666666667,528.455284552846,363.947154471545,528.455284552846,645.878048780488,939.572448730469,750.543893153191,2008,9,584,2008,17174.8,0,17174.80078125,159.649108886719,-232.838989257812,1032.83898925781,940.350891113281,1341.07922363281,7.54270839691162,37.9290390014648,109.402778625488,1,20.87204,Sep 2008
2008-10-01,528.455284552846,557.837398373984,587.166666666667,587.166666666667,528.455284552846,596.150406504065,685.036585365854,548.008130081301,587.166666666667,587.166666666667,605.134146341463,675.260162601626,767.739837398374,812.658536585366,704.589430894309,649.577235772358,587.166666666667,547.321138211382,704.589430894309,587.166666666667,587.166666666667,733.971544715447,704.589430894309,587.166666666667,568.353658536585,704.589430894309,605.134146341463,733.971544715447,568.353658536585,391.426829268293,587.166666666667,675.260162601626,754.883605957031,601.156386456689,2008,10,585,2008,14155.1,0,14155.099609375,121.929809570312,-259.322021484375,1059.32202148438,978.070190429688,1537.13671875,10.8326940536499,36.5793800354004,109.402778625488,1,-184.25016,Oct 2008
2008-11-01,587.166666666667,587.166666666667,587.166666666667,645.878048780488,615.069105691057,704.589430894309,810.280487804878,600.060975609756,645.878048780488,642.971544715447,645.878048780488,822.065040650407,860.378048780488,908.626016260163,763.30081300813,711.247967479675,644.39837398374,704.589430894309,880.776422764228,644.39837398374,704.589430894309,880.776422764228,550.491869918699,704.589430894309,704.589430894309,771.544715447154,645.878048780488,587.166666666667,763.30081300813,428.630081300813,587.166666666667,792.682926829268,731.45654296875,582.500095049389,2008,11,586,2008,3170.7,442.65,2728.05004882812,-146.820556640625,-328.983032226562,1588.98303222656,1246.82055664062,1556.88598632812,13.5442295074463,35.4670181274414,109.402778625488,1,-869.94964,Nov 2008
2008-12-01,733.971544715447,630.817073170732,645.878048780488,704.589430894309,748.239837398374,733.971544715447,903.394308943089,689.264227642276,792.682926829268,738.516260162602,822.065040650407,968.817073170732,889.020325203252,1043.69918699187,763.30081300813,726.20325203252,693.914634146341,798.231707317073,880.776422764228,704.589430894309,822.065040650407,733.971544715447,939.487804878049,704.589430894309,704.589430894309,886.219512195122,704.589430894309,587.166666666667,822.065040650407,492.308943089431,763.30081300813,890.658536585366,820.854675292969,654.700100274781,2008,12,587,2008,0,22938.6,-22938.599609375,-46.9298095703125,-117.11865234375,1377.11865234375,1146.92980957031,1988.40393066406,14.1516056060791,35.2178535461426,109.402778625488,1,57.69644,Dec 2008
